Alice
Attendance: 100, 100, 0, 100, 100, 0, 0, 100, 100, 0, 0, 100, 100, 100, 100, 100, 100, 0, 100, 100, 0, 100, 0, 100, 0, 0, 0, 100, 0, 100, 100, 100, 
Discussion: 85, 98, 100, 88, 78, 84, 61, 
Quiz: 77, 74, 68, 84, 69, 
Midterm Exam: 75
Final Exam: 93

Eve
Attendance: 100, 100, 100, 0, 100, 100, 0, 0, 100, 100, 0, 100, 0, 0, 100, 0, 100, 0, 100, 0, 0, 100, 100, 100, 100, 100, 100, 0, 100, 100, 100, 0, 
Discussion: 70, 72, 77, 100, 84, 91, 87, 
Quiz: 80, 89, 85, 82, 79, 
Midterm Exam: 72
Final Exam: 76

Frank
Attendance: 0, 0, 100, 100, 0, 0, 100, 100, 0, 100, 100, 100, 0, 100, 100, 0, 100, 100, 100, 0, 100, 100, 0, 100, 100, 100, 100, 100, 100, 100, 100, 100, 
Discussion: 85, 78, 74, 93, 60, 79, 78, 
Quiz: 97, 83, 92, 83, 97, 
Midterm Exam: 88
Final Exam: 93