Alice
Bob
Charlie
Dave
Eve
Frank
Grace
Heidi
-1
94
98
80
83
84
75
72
70
75
77
64
91
67
94
63
81
67
60
78
68
76
90
65
85
78
70
71
85
90
81
99
88
97
80
78
87
68
79
68
80
95
62
60
96
80
85
83
82
100
75
77
85
92
86
94
83
64
85
78
78
70
86
70
75
62
61
65
83
74
73
87
87
80
91
72
93
89
92
86
96
64
69
67
69
89
90
62
91
89
93
68
97
80
78
68
90
100
99
64
91
75
96
90
80
Alice
Bob
Charlie
Dave
Eve
Frank
Grace
Heidi
-1
90
62
88
99
88
78
77
85
63
68
68
90
89
71
100
95
74
65
74
79
76
75
86
97
95
70
70
97
84
82
82
91
82
96
73
61
94
98
77
75
95
70
99
67
82
70
100
73
70
75
81
71
66
95
99
80
65
90
67
84
70
66
66
79
78
100
65
75
71
60
78
98
60
81
76
99
87
61
99
82
75
60
94
65
79
72
88
93
99
69
73
90
95
71
91
66
81
64
82
67
97
65
67
69
83
99
71
69
98
91
71
73
89
74
76
63
60
79
76
65
87
65
85
78
74
79
84
85
75
84
67
99
88
95
72
96
82
79
97
78
79
94
71
73
66
97
99
100
72
93
82
73
74
63
83
90
65
88
85
74
95
88
92
69
94
100
64
80
92
87
95
87
92
88
96
93
Alice
Eve
Frank
-1
100
100
0
100
100
0
0
100
100
0
0
100
100
100
100
100
100
0
100
100
0
100
0
100
0
0
0
100
0
100
100
100
85
98
100
88
78
84
61
77
74
68
84
69
75
93
100
100
100
0
100
100
0
0
100
100
0
100
0
0
100
0
100
0
100
0
0
100
100
100
100
100
100
0
100
100
100
0
70
72
77
100
84
91
87
80
89
85
82
79
72
76
0
0
100
100
0
0
100
100
0
100
100
100
0
100
100
0
100
100
100
0
100
100
0
100
100
100
100
100
100
100
100
100
85
78
74
93
60
79
78
97
83
92
83
97
88
93
